full name,name,full,age,year,xba,xslg,woba,xwoba,xobp,xiso,xbadiff,xslgdiff,wobadif,exit_velocity_avg,launch_angle_avg,barrel_batted_rate,sprint_speed
Nelson Cruz Jr.,Cruz Jr.,Nelson,41,2022,0.241,0.399,0.292,0.32,0.323,0.157,-0.007,-0.062,-0.028,90.9,7.2,9.3,25.5
Charlie Blackmon,Blackmon,Charlie,35,2022,0.256,0.376,0.317,0.301,0.308,0.12,0.008,0.043,0.016,86.2,12.4,4.4,27.9
Andrew McCutchen,McCutchen,Andrew,35,2022,0.252,0.406,0.309,0.325,0.329,0.155,-0.015,-0.022,-0.016,89.1,13.2,8.6,28.9
Justin Turner,Turner,Justin,37,2022,0.267,0.427,0.343,0.339,0.343,0.16,0.011,0.011,0.004,89.5,18.4,8,25
Elvis Andrus,Andrus,Elvis,33,2022,0.245,0.36,0.31,0.293,0.3,0.114,0.004,0.044,0.017,87.9,11.9,4.5,26
Carlos Santana,Santana,Carlos,36,2022,0.253,0.438,0.308,0.352,0.361,0.185,-0.051,-0.062,-0.044,90.7,15.4,9.3,25.7
Yuli Gurriel,Gurriel,Yuli,38,2022,0.24,0.319,0.285,0.271,0.286,0.079,0.002,0.041,0.014,88.2,14.6,1.9,26.9
Miguel Rojas,Rojas,Miguel,33,2022,0.264,0.347,0.268,0.293,0.31,0.083,-0.028,-0.024,-0.025,86.1,10.1,1.9,26.4
Eduardo Escobar,Escobar,Eduardo,33,2022,0.243,0.427,0.311,0.314,0.3,0.183,-0.003,0.003,-0.003,88.3,20.6,9.4,27.9
Tommy Pham,Pham,Tommy,34,2022,0.238,0.383,0.304,0.311,0.315,0.145,-0.002,-0.009,-0.007,92.2,7.7,7.9,27.9
J.D. Martinez,Martinez,J.D.,34,2022,0.26,0.471,0.343,0.349,0.33,0.211,0.014,-0.023,-0.006,89.1,14.1,12.5,26.1
Paul Goldschmidt,Goldschmidt,Paul,34,2022,0.261,0.482,0.419,0.367,0.357,0.221,0.056,0.096,0.052,90.8,15.7,11.6,26.2
Jose Altuve,Altuve,Jose,32,2022,0.269,0.44,0.397,0.354,0.362,0.171,0.031,0.093,0.043,85.9,16.1,7.7,28.1
Cesar Hernandez,Hernandez,Cesar,32,2022,0.248,0.329,0.283,0.29,0.312,0.081,0,-0.011,-0.007,84.8,9.3,2.4,28.3
Starling Marte,Marte,Starling,33,2022,0.276,0.428,0.355,0.336,0.332,0.153,0.016,0.04,0.019,86.8,7.5,6.8,28
Josh Donaldson,Donaldson,Josh,36,2022,0.215,0.37,0.302,0.299,0.303,0.154,0.007,0.004,0.003,90.7,12,9.8,25.7
Freddie Freeman,Freeman,Freddie,32,2022,0.313,0.538,0.393,0.403,0.4,0.225,0.012,-0.027,-0.01,91.3,13.6,9.9,26.9
DJ LeMahieu,LeMahieu,DJ,33,2022,0.274,0.403,0.329,0.344,0.369,0.13,-0.013,-0.026,-0.015,89.2,3,5.3,26.4
Anthony Rizzo,Rizzo,Anthony,32,2022,0.239,0.454,0.352,0.349,0.35,0.215,-0.015,0.026,0.003,89.4,19.3,10.9,25.5
Wilmer Flores,Flores,Wilmer,30,2022,0.233,0.37,0.312,0.31,0.322,0.137,-0.004,0.024,0.002,87.8,20.7,6.3,25.2
Marcell Ozuna,Ozuna,Marcell,31,2022,0.256,0.478,0.298,0.337,0.303,0.222,-0.03,-0.065,-0.039,89.4,16.5,13.1,26.6
Jesus Aguilar,Aguilar,Jesus,32,2022,0.24,0.393,0.288,0.298,0.288,0.153,-0.005,-0.014,-0.01,87.7,19.1,6.9,23.9
C.J. Cron,Cron,C.J.,32,2022,0.244,0.438,0.335,0.321,0.306,0.194,0.013,0.03,0.014,88.7,14.2,10.8,25.2
Marcus Semien,Semien,Marcus,31,2022,0.243,0.394,0.317,0.306,0.301,0.151,0.005,0.035,0.011,87.3,19.9,6.8,28.9
George Springer III,Springer III,George,32,2022,0.265,0.438,0.352,0.342,0.342,0.172,0.002,0.034,0.01,88.7,13.9,8.4,28.3
Randal Grichuk,Grichuk,Randal,30,2022,0.229,0.37,0.315,0.281,0.271,0.141,0.03,0.055,0.034,90,8.7,6.8,28
Jose Abreu,Abreu,Jose,35,2022,0.296,0.486,0.361,0.373,0.372,0.19,0.008,-0.04,-0.012,92.2,8,9.5,26
Eugenio Suarez,Suarez,Eugenio,30,2022,0.22,0.454,0.344,0.339,0.321,0.234,0.016,0.005,0.005,89.8,19.9,14.8,25.7
Gio Urshela,Urshela,Gio,30,2022,0.268,0.416,0.332,0.323,0.324,0.148,0.017,0.013,0.009,88.9,11.8,7,25.8
Jonathan Schoop,Schoop,Jonathan,30,2022,0.228,0.338,0.245,0.268,0.267,0.111,-0.026,-0.016,-0.023,87,9.7,4.8,27
Nolan Arenado,Arenado,Nolan,31,2022,0.265,0.445,0.381,0.339,0.335,0.179,0.028,0.088,0.042,88.7,21.7,8.2,25.5
Kyle Farmer,Farmer,Kyle,31,2022,0.258,0.38,0.309,0.311,0.32,0.122,-0.003,0.006,-0.002,85.5,12.7,4.4,26.8
Max Muncy,Muncy,Max,31,2022,0.208,0.417,0.318,0.339,0.342,0.209,-0.012,-0.033,-0.021,90.3,20.9,13.4,27.2
AJ Pollock,Pollock,AJ,34,2022,0.258,0.419,0.297,0.317,0.305,0.161,-0.013,-0.03,-0.02,88.8,11.6,9.4,27.8
Luke Voit III,Voit III,Luke,31,2022,0.222,0.434,0.311,0.322,0.306,0.212,0.004,-0.032,-0.011,89.8,18.4,14.7,24.7
Christian Walker,Walker,Christian,31,2022,0.257,0.484,0.346,0.359,0.343,0.227,-0.015,-0.007,-0.013,90,17,11.5,26.6
Mike Yastrzemski,Yastrzemski,Mike,31,2022,0.22,0.392,0.307,0.314,0.313,0.172,-0.006,0,-0.007,89.9,19.9,11.1,27
Mark Canha,Canha,Mark,33,2022,0.245,0.362,0.343,0.323,0.351,0.117,0.021,0.041,0.02,87.7,10.9,4.9,27.5
Nick Castellanos,Castellanos,Nick,30,2022,0.25,0.395,0.304,0.302,0.293,0.145,0.013,-0.006,0.002,87.5,14.6,6.6,27.7
Brandon Drury,Drury,Brandon,29,2022,0.242,0.42,0.35,0.316,0.303,0.179,0.021,0.072,0.034,89.1,13.8,10.4,27
Aaron Judge,Judge,Aaron,30,2022,0.305,0.706,0.458,0.463,0.422,0.401,0.006,-0.02,-0.005,95.9,15,26.5,27.3
Manny Machado,Machado,Manny,29,2022,0.264,0.447,0.382,0.338,0.338,0.183,0.034,0.084,0.044,91.5,16,9.8,26.3
J.T. Realmuto,Realmuto,J.T.,31,2022,0.275,0.463,0.354,0.351,0.342,0.188,0.001,0.015,0.003,90.3,13.1,11.3,28.8
Hunter Renfroe,Renfroe,Hunter,30,2022,0.24,0.438,0.347,0.323,0.303,0.199,0.015,0.054,0.024,90.5,17.7,10.9,27.1
Christian Yelich,Yelich,Christian,30,2022,0.258,0.404,0.328,0.339,0.36,0.146,-0.006,-0.021,-0.011,91.5,3.6,8.2,28.1
Whit Merrifield,Merrifield,Whit,33,2022,0.24,0.356,0.294,0.288,0.292,0.116,0.01,0.019,0.006,87.1,15.1,4.2,28.7
Xander Bogaerts,Bogaerts,Xander,29,2022,0.259,0.383,0.363,0.323,0.338,0.124,0.048,0.073,0.04,88.1,10.2,6.5,27.9
Jurickson Profar,Profar,Jurickson,29,2022,0.251,0.359,0.32,0.315,0.34,0.108,-0.008,0.032,0.005,87.5,12.9,4,26.6
Javier Baez,Baez,Javier,29,2022,0.23,0.378,0.291,0.285,0.272,0.149,0.008,0.015,0.006,87.9,9.6,8,27.9
Francisco Lindor,Lindor,Francisco,28,2022,0.254,0.427,0.342,0.331,0.326,0.173,0.016,0.022,0.011,89.3,13.8,8.3,27.5
Josh Bell,Bell,Josh,29,2022,0.273,0.424,0.344,0.349,0.369,0.151,-0.007,-0.002,-0.005,88.9,8.4,7.2,26.2
Mookie Betts,Betts,Mookie,29,2022,0.254,0.465,0.373,0.344,0.327,0.211,0.015,0.068,0.029,90.5,18.6,9.7,27.3
Teoscar Hernandez,Hernandez,Teoscar,29,2022,0.265,0.501,0.348,0.351,0.314,0.236,0.002,-0.01,-0.003,92.6,11.6,15,28.6
Ketel Marte,Marte,Ketel,28,2022,0.251,0.377,0.317,0.315,0.333,0.126,-0.011,0.03,0.002,90.1,13.5,6.1,27
Brandon Nimmo,Nimmo,Brandon,29,2022,0.261,0.409,0.353,0.342,0.357,0.148,0.013,0.024,0.011,89.4,6.1,7,28.7
Trea Turner,Turner,Trea,29,2022,0.276,0.432,0.35,0.335,0.327,0.156,0.022,0.034,0.015,88.9,10.2,7.6,30.3
Jose Ramirez,Ramirez,Jose,29,2022,0.255,0.408,0.363,0.32,0.337,0.153,0.025,0.106,0.043,87.7,20.7,6.6,28.5
Alex Bregman,Bregman,Alex,28,2022,0.257,0.416,0.358,0.35,0.369,0.159,0.002,0.038,0.008,88.9,19.5,7.3,26.6
Corey Seager,Seager,Corey,28,2022,0.283,0.51,0.331,0.372,0.354,0.226,-0.038,-0.055,-0.041,91.1,13.6,10.5,26.1
Jesse Winker,Winker,Jesse,28,2022,0.249,0.403,0.313,0.345,0.369,0.154,-0.03,-0.059,-0.032,87.7,16.8,7.6,25.4
Dansby Swanson,Swanson,Dansby,28,2022,0.257,0.461,0.337,0.337,0.314,0.204,0.02,-0.014,0,90.2,15.7,10.8,28.4
Carlos Correa,Correa,Carlos,27,2022,0.276,0.484,0.362,0.363,0.353,0.208,0.015,-0.017,-0.001,89.9,11.6,11.4,27.1
Taylor Ward,Ward,Taylor,28,2022,0.268,0.474,0.362,0.361,0.352,0.206,0.013,-0.001,0.001,90,15.8,12.4,28.4
Patrick Wisdom,Wisdom,Patrick,30,2022,0.188,0.38,0.316,0.295,0.284,0.191,0.019,0.046,0.021,90.7,21,14.2,27.8
Matt Olson,Olson,Matt,28,2022,0.248,0.467,0.344,0.347,0.334,0.219,-0.008,0.01,-0.003,92.9,16.1,13.6,26.3
Jorge Mateo,Mateo,Jorge,27,2022,0.222,0.344,0.281,0.272,0.269,0.122,-0.001,0.035,0.009,86.8,14.8,6,30.1
Anthony Santander,Santander,Anthony,27,2022,0.257,0.471,0.336,0.352,0.335,0.214,-0.017,-0.016,-0.016,90.1,21.4,11.6,26.4
Pete Alonso,Alonso,Pete,27,2022,0.262,0.489,0.366,0.354,0.346,0.227,0.009,0.029,0.012,89.8,18.2,12.3,25.6
Adam Frazier,Frazier,Adam,30,2022,0.262,0.339,0.274,0.297,0.324,0.077,-0.024,-0.028,-0.023,85.1,13.6,1.5,26.8
Jake Cronenworth,Cronenworth,Jake,28,2022,0.221,0.356,0.318,0.303,0.319,0.135,0.018,0.034,0.015,87.6,18.2,5.6,28.2
Cody Bellinger,Bellinger,Cody,26,2022,0.213,0.354,0.284,0.278,0.271,0.141,-0.003,0.035,0.006,89.4,20.3,8.3,28.1
J.P. Crawford,Crawford,J.P.,27,2022,0.255,0.337,0.306,0.315,0.353,0.081,-0.012,-0.001,-0.009,85.1,8.9,2,26.8
Trey Mancini III,Mancini III,Trey,30,2022,0.245,0.41,0.312,0.327,0.328,0.165,-0.006,-0.019,-0.015,89.5,12.7,9.8,25.6
Ryan McMahon,McMahon,Ryan,27,2022,0.248,0.423,0.326,0.33,0.329,0.176,-0.002,-0.009,-0.004,91.7,10.8,10.4,25.8
Rowdy Tellez,Tellez,Rowdy,27,2022,0.252,0.479,0.327,0.349,0.337,0.226,-0.033,-0.018,-0.022,91.1,15.3,12.9,23.9
Amed Rosario,Rosario,Amed,26,2022,0.276,0.396,0.311,0.31,0.308,0.12,0.007,0.007,0.001,88.4,5,4.5,29.5
Willy Adames,Adames,Willy,26,2022,0.238,0.451,0.325,0.323,0.299,0.213,0,0.007,0.002,88.9,18.9,13,27.8
Thairo Estrada,Estrada,Thairo,26,2022,0.246,0.352,0.317,0.299,0.312,0.107,0.014,0.048,0.018,86.2,8.1,4.4,28.3
Andrew Benintendi,Benintendi,Andrew,27,2022,0.273,0.407,0.342,0.334,0.347,0.134,0.031,-0.008,0.008,89.2,12.6,5.1,27.5
Tony Kemp,Kemp,Tony,30,2022,0.219,0.291,0.287,0.267,0.294,0.072,0.016,0.043,0.02,84.4,15,1.6,26.2
Isiah Kiner-Falefa,Kiner-Falefa,Isiah,27,2022,0.262,0.333,0.285,0.29,0.317,0.071,-0.001,-0.006,-0.005,86.2,4.3,1.2,28.4
Jeff McNeil,McNeil,Jeff,30,2022,0.28,0.389,0.365,0.323,0.341,0.109,0.046,0.065,0.042,86.9,12.8,2.7,27.4
Rafael Devers,Devers,Rafael,25,2022,0.282,0.497,0.373,0.361,0.348,0.215,0.013,0.024,0.012,93.1,11.3,11.5,25.5
Luis Arraez,Arraez,Luis,25,2022,0.288,0.408,0.35,0.333,0.35,0.121,0.028,0.012,0.017,88.9,12.9,3.6,26.8
Gleyber Torres,Torres,Gleyber,25,2022,0.244,0.441,0.328,0.319,0.298,0.198,0.013,0.01,0.009,90.4,17.5,10.7,26.9
Yandy Diaz,Diaz,Yandy,30,2022,0.288,0.424,0.366,0.365,0.395,0.137,0.008,-0.001,0.001,92.2,7.7,4.8,27.1
Luis Rengifo,Rengifo,Luis,25,2022,0.254,0.392,0.314,0.296,0.285,0.138,0.01,0.037,0.018,86.9,9.9,5.4,27.9
Matt Chapman,Chapman,Matt,29,2022,0.234,0.44,0.331,0.341,0.331,0.206,-0.005,-0.007,-0.01,92.2,19,12.9,28.4
Rhys Hoskins,Hoskins,Rhys,29,2022,0.239,0.445,0.345,0.338,0.327,0.207,0.007,0.017,0.007,90.1,18.1,11.1,25.9
Cedric Mullins II,Mullins II,Cedric,27,2022,0.232,0.349,0.315,0.288,0.297,0.117,0.026,0.054,0.027,88.8,17.4,4.9,28.5
Kyle Schwarber,Schwarber,Kyle,29,2022,0.237,0.535,0.355,0.375,0.341,0.298,-0.019,-0.031,-0.02,93.3,19.2,20.1,26.4
Lane Thomas,Thomas,Lane,26,2022,0.222,0.357,0.308,0.286,0.286,0.135,0.019,0.047,0.022,86.4,12.5,6.5,29.4
Alex Verdugo,Verdugo,Alex,26,2022,0.278,0.428,0.319,0.329,0.327,0.151,0.002,-0.023,-0.01,89.1,8.4,6,26.8
Shohei Ohtani,Ohtani,Shohei,27,2022,0.278,0.552,0.37,0.385,0.361,0.274,-0.005,-0.033,-0.015,92.9,12.1,16.8,28.3
Ronald Acuna Jr.,Acuna Jr.,Ronald,24,2022,0.272,0.486,0.335,0.366,0.358,0.214,-0.006,-0.073,-0.031,91.2,10.8,12.8,28.5
Daulton Varsho,Varsho,Daulton,25,2022,0.214,0.389,0.323,0.298,0.285,0.176,0.021,0.054,0.025,87.7,14.9,10.2,28
Nico Hoerner,Hoerner,Nico,25,2022,0.27,0.366,0.32,0.301,0.318,0.097,0.011,0.044,0.019,87.2,10.7,2.6,29.1
Austin Riley,Riley,Austin,25,2022,0.271,0.531,0.377,0.378,0.349,0.26,0.002,-0.003,-0.001,92.5,12.9,15.7,27.8
Ryan Mountcastle,Mountcastle,Ryan,25,2022,0.277,0.509,0.316,0.362,0.332,0.232,-0.027,-0.086,-0.046,91.3,15.9,15,27.5
Ke'Bryan Hayes,Hayes,Ke'Bryan,25,2022,0.25,0.354,0.294,0.303,0.321,0.105,-0.006,-0.009,-0.009,91,5.2,3.9,27.9
Kyle Tucker,Tucker,Kyle,25,2022,0.262,0.482,0.348,0.353,0.336,0.22,-0.005,-0.004,-0.005,90,19,10.2,26.6
Trent Grisham,Grisham,Trent,25,2022,0.204,0.354,0.28,0.295,0.302,0.15,-0.02,-0.013,-0.015,88.3,15.1,8.1,28.8
Brendan Rodgers,Rodgers,Brendan,25,2022,0.265,0.404,0.321,0.326,0.33,0.139,0.001,0.004,-0.005,90,4.6,7.2,26.7
Nathaniel Lowe,Lowe,Nathaniel,26,2022,0.275,0.459,0.368,0.344,0.333,0.184,0.027,0.033,0.024,90.2,8.2,9.9,27.1
Ian Happ,Happ,Ian,27,2022,0.239,0.379,0.339,0.306,0.315,0.14,0.032,0.061,0.033,89.7,10.9,6.5,27.9
Ty France,France,Ty,27,2022,0.262,0.398,0.337,0.321,0.33,0.136,0.012,0.038,0.016,87.6,10.1,5.4,24.7
Myles Straw,Straw,Myles,27,2022,0.236,0.301,0.257,0.275,0.306,0.065,-0.015,-0.028,-0.018,87,9.8,0.7,29.3
Alec Bohm,Bohm,Alec,25,2022,0.29,0.436,0.31,0.333,0.327,0.146,-0.01,-0.038,-0.023,90.2,10.4,6.8,27.1
Seth Brown,Brown,Seth,29,2022,0.251,0.454,0.323,0.338,0.324,0.203,-0.021,-0.01,-0.015,89.2,15.8,13,27.9
Jeremy Pena,Pena,Jeremy,24,2022,0.248,0.397,0.309,0.3,0.285,0.149,0.005,0.029,0.009,88.1,8.7,9.7,29.4
Vladimir Guerrero Jr.,Guerrero Jr.,Vladimir,23,2022,0.276,0.462,0.351,0.348,0.342,0.185,-0.002,0.018,0.003,92.8,4.3,11.2,26.6
Juan Soto,Soto,Juan,23,2022,0.266,0.501,0.376,0.401,0.42,0.235,-0.024,-0.049,-0.025,91,9.1,12.4,26.6
Andres Gimenez,Gimenez,Andres,23,2022,0.257,0.4,0.364,0.326,0.336,0.143,0.04,0.066,0.038,87.8,11.7,6.2,29.3
Bo Bichette,Bichette,Bo,24,2022,0.278,0.444,0.347,0.334,0.322,0.166,0.012,0.025,0.013,91.9,8.5,9.6,27.5
Adolis Garcia,Garcia,Adolis,29,2022,0.244,0.447,0.324,0.322,0.296,0.204,0.006,0.009,0.002,92.1,13.2,12.9,27.9
Randy Arozarena,Arozarena,Randy,27,2022,0.234,0.382,0.336,0.301,0.301,0.148,0.029,0.063,0.035,89.9,8.8,7.9,28.8
Bryan Reynolds,Reynolds,Bryan,27,2022,0.249,0.416,0.349,0.329,0.334,0.167,0.013,0.045,0.02,90.2,12,7.9,28.3
Josh Rojas,Rojas,Josh,28,2022,0.242,0.365,0.326,0.308,0.327,0.123,0.027,0.026,0.018,88.8,11.9,4.5,27.3
MJ Melendez Jr.,Melendez Jr.,MJ,23,2022,0.237,0.41,0.31,0.332,0.334,0.173,-0.02,-0.017,-0.022,90.7,15.1,10.4,27.8
Sean Murphy,Murphy,Sean,27,2022,0.255,0.439,0.331,0.344,0.34,0.184,-0.005,-0.013,-0.013,88.7,11.5,10.5,26.1
Tommy Edman,Edman,Tommy,27,2022,0.258,0.38,0.318,0.308,0.318,0.122,0.007,0.02,0.01,88.6,8.7,6.2,28.8
Will Smith,Smith,Will,27,2022,0.257,0.473,0.349,0.352,0.341,0.216,0.003,-0.008,-0.003,89.9,18.4,10.3,27.5
Austin Hays,Hays,Austin,26,2022,0.24,0.372,0.314,0.298,0.298,0.132,0.01,0.041,0.016,87.7,11.3,5.2,27.8
Yordan Alvarez,Alvarez,Yordan,25,2022,0.329,0.672,0.427,0.462,0.43,0.343,-0.023,-0.059,-0.035,95.2,12.3,21,26.5
Alejandro Kirk,Kirk,Alejandro,23,2022,0.278,0.431,0.347,0.351,0.367,0.153,0.007,-0.016,-0.004,90.5,8.1,6.7,24.1
Ha-Seong Kim,Kim,Ha-Seong,26,2022,0.25,0.368,0.313,0.309,0.324,0.119,0.001,0.015,0.004,86.7,16.1,4.2,28.4
Julio Rodriguez,Rodriguez,Julio,21,2022,0.254,0.46,0.366,0.337,0.319,0.206,0.03,0.049,0.029,92,10.1,13.1,29.8
Bobby Witt Jr.,Witt Jr.,Bobby,22,2022,0.252,0.427,0.311,0.313,0.294,0.174,0.002,0.001,-0.002,89.7,16.8,8.7,30.4
Steven Kwan,Kwan,Steven,24,2022,0.268,0.341,0.341,0.312,0.348,0.073,0.03,0.059,0.029,85.1,11.8,1.4,28.4
Andrew Vaughn,Vaughn,Andrew,24,2022,0.255,0.415,0.327,0.319,0.311,0.16,0.016,0.014,0.008,90.8,7.5,7.9,26.2
